0 0.36658653846153844 0.6189903846153846 0.0889423076923077 0.2091346153846154
2 0.5528846153846154 0.6586538461538461 0.08653846153846154 0.2091346153846154
0 0.14423076923076922 0.671875 0.10576923076923077 0.22355769230769232
0 0.8497596153846154 0.38461538461538464 0.06490384615384616 0.15625
0 0.24879807692307693 0.39302884615384615 0.07211538461538461 0.1201923076923077
0 0.17668269230769232 0.39903846153846156 0.04807692307692308 0.11057692307692307
0 0.3701923076923077 0.40384615384615385 0.057692307692307696 0.11538461538461539
0 0.90625 0.40625 0.040865384615384616 0.11778846153846154
0 0.4831730769230769 0.40865384615384615 0.0625 0.08653846153846154
0 0.7331730769230769 0.41346153846153844 0.06490384615384616 0.12740384615384615
0 0.9326923076923077 0.47475961538461536 0.07211538461538461 0.14903846153846154
2 0.46634615384615385 0.4963942307692308 0.057692307692307696 0.14423076923076922
2 0.3137019230769231 0.4987980769230769 0.057692307692307696 0.17548076923076922
0 0.18269230769230768 0.5252403846153846 0.08173076923076923 0.14423076923076922
0 0.02403846153846154 0.5336538461538461 0.04807692307692308 0.1875