0 0.11057692307692307 0.6141826923076923 0.10336538461538461 0.2548076923076923
0 0.30288461538461536 0.6165865384615384 0.11057692307692307 0.22115384615384615
0 0.4567307692307692 0.6370192307692307 0.08653846153846154 0.43028846153846156
0 0.9411057692307693 0.29086538461538464 0.055288461538461536 0.1346153846153846
0 0.36899038461538464 0.30649038461538464 0.06009615384615385 0.11538461538461539
0 0.8545673076923077 0.3173076923076923 0.0673076923076923 0.12259615384615384
0 0.6105769230769231 0.32211538461538464 0.040865384615384616 0.09375
0 0.5288461538461539 0.3269230769230769 0.055288461538461536 0.11538461538461539
0 0.28846153846153844 0.3329326923076923 0.055288461538461536 0.1201923076923077
0 0.24759615384615385 0.39903846153846156 0.07211538461538461 0.17548076923076922
0 0.6262019230769231 0.4230769230769231 0.06009615384615385 0.14182692307692307
0 0.3798076923076923 0.42908653846153844 0.06971153846153846 0.15865384615384615
0 0.5745192307692307 0.44591346153846156 0.06971153846153846 0.18028846153846154
2 0.8016826923076923 0.5144230769230769 0.07932692307692307 0.20673076923076922
0 0.6790865384615384 0.5336538461538461 0.08413461538461539 0.21634615384615385