0 0.5721153846153846 0.5865384615384616 0.0673076923076923 0.18509615384615385
2 0.3641826923076923 0.6033653846153846 0.07692307692307693 0.18269230769230768
0 0.15985576923076922 0.6899038461538461 0.11538461538461539 0.2283653846153846
0 0.31850961538461536 0.36538461538461536 0.05048076923076923 0.11538461538461539
0 0.39663461538461536 0.36538461538461536 0.057692307692307696 0.11778846153846154
0 0.5300480769230769 0.39663461538461536 0.07451923076923077 0.125
0 0.6262019230769231 0.40024038461538464 0.04326923076923077 0.08653846153846154
0 0.9026442307692307 0.41586538461538464 0.06971153846153846 0.14903846153846154
0 0.22716346153846154 0.42908653846153844 0.07211538461538461 0.14182692307692307
0 0.3125 0.47836538461538464 0.055288461538461536 0.1201923076923077
0 0.6286057692307693 0.4807692307692308 0.0625 0.13942307692307693
0 0.5300480769230769 0.4891826923076923 0.06490384615384616 0.14423076923076922