0 0.6165865384615384 0.5576923076923077 0.08653846153846154 0.18269230769230768
2 0.7632211538461539 0.6598557692307693 0.08173076923076923 0.20192307692307693
0 0.6153846153846154 0.3629807692307692 0.038461538461538464 0.10096153846153846
0 0.5456730769230769 0.37259615384615385 0.04807692307692308 0.0889423076923077
0 0.41947115384615385 0.40024038461538464 0.04807692307692308 0.12980769230769232
0 0.7391826923076923 0.4182692307692308 0.05048076923076923 0.12259615384615384
0 0.8329326923076923 0.43990384615384615 0.055288461538461536 0.12740384615384615
0 0.5072115384615384 0.4423076923076923 0.055288461538461536 0.11298076923076923
0 0.24519230769230768 0.46033653846153844 0.07451923076923077 0.18028846153846154
0 0.7752403846153846 0.49038461538461536 0.07451923076923077 0.13942307692307693
2 0.3233173076923077 0.5324519230769231 0.07932692307692307 0.18509615384615385
0 0.45913461538461536 0.5504807692307693 0.0673076923076923 0.17307692307692307