0 0.2704326923076923 0.5709134615384616 0.07692307692307693 0.18990384615384615
0 0.1201923076923077 0.5901442307692307 0.07692307692307693 0.20432692307692307
2 0.5841346153846154 0.6490384615384616 0.08653846153846154 0.17307692307692307
0 0.44591346153846156 0.38100961538461536 0.04807692307692308 0.11538461538461539
0 0.6502403846153846 0.41586538461538464 0.05048076923076923 0.10576923076923077
0 0.5576923076923077 0.421875 0.04807692307692308 0.1201923076923077
0 0.24759615384615385 0.421875 0.055288461538461536 0.1466346153846154
0 0.4723557692307692 0.46634615384615385 0.07211538461538461 0.1346153846153846
0 0.328125 0.46875 0.057692307692307696 0.13221153846153846
2 0.9555288461538461 0.4807692307692308 0.08413461538461539 0.17307692307692307
0 0.5877403846153846 0.4987980769230769 0.0673076923076923 0.13942307692307693
0 0.40865384615384615 0.546875 0.08413461538461539 0.16826923076923078