2 0.5240384615384616 0.2536057692307692 0.057692307692307696 0.11057692307692307
2 0.46153846153846156 0.26322115384615385 0.04807692307692308 0.10817307692307693
0 0.7451923076923077 0.27884615384615385 0.057692307692307696 0.125
2 0.3293269230769231 0.2824519230769231 0.05048076923076923 0.14903846153846154
2 0.6610576923076923 0.2848557692307692 0.052884615384615384 0.13701923076923078
2 0.421875 0.34375 0.052884615384615384 0.1466346153846154
2 0.5841346153846154 0.35096153846153844 0.0625 0.14903846153846154
0 0.15144230769230768 0.4110576923076923 0.07211538461538461 0.19471153846153846
2 0.37740384615384615 0.41947115384615385 0.07211538461538461 0.17548076923076922
2 0.5204326923076923 0.42908653846153844 0.06009615384615385 0.1875
2 0.25240384615384615 0.46033653846153844 0.07932692307692307 0.23557692307692307
2 0.7139423076923077 0.5168269230769231 0.07451923076923077 0.18990384615384615