2 0.796875 0.5576923076923077 0.0889423076923077 0.18028846153846154
2 0.44471153846153844 0.5612980769230769 0.07451923076923077 0.20432692307692307
0 0.5600961538461539 0.2920673076923077 0.04326923076923077 0.10576923076923077
0 0.38221153846153844 0.33052884615384615 0.057692307692307696 0.12259615384615384
2 0.30288461538461536 0.33653846153846156 0.05048076923076923 0.10576923076923077
0 0.4963942307692308 0.33774038461538464 0.055288461538461536 0.11778846153846154
0 0.59375 0.33774038461538464 0.038461538461538464 0.0985576923076923
2 0.8377403846153846 0.35216346153846156 0.057692307692307696 0.14182692307692307
2 0.21875 0.4098557692307692 0.0625 0.16826923076923078
2 0.5384615384615384 0.43509615384615385 0.055288461538461536 0.13701923076923078
2 0.36899038461538464 0.4543269230769231 0.052884615384615384 0.14182692307692307
2 0.671875 0.4543269230769231 0.07211538461538461 0.1346153846153846
2 0.6141826923076923 0.5264423076923077 0.0673076923076923 0.18509615384615385