0 0.47836538461538464 0.5697115384615384 0.07451923076923077 0.12740384615384615
0 0.18629807692307693 0.6682692307692307 0.10817307692307693 0.23317307692307693
0 0.7115384615384616 0.6814903846153846 0.07211538461538461 0.19951923076923078
2 0.9254807692307693 0.7307692307692307 0.0889423076923077 0.20192307692307693
0 0.4110576923076923 0.7680288461538461 0.11538461538461539 0.25721153846153844
0 0.6682692307692307 0.41466346153846156 0.038461538461538464 0.0985576923076923
0 0.421875 0.44711538461538464 0.05048076923076923 0.13701923076923078
0 0.6045673076923077 0.45552884615384615 0.052884615384615384 0.11538461538461539
0 0.49278846153846156 0.4579326923076923 0.06009615384615385 0.11298076923076923
0 0.7091346153846154 0.4795673076923077 0.05048076923076923 0.13701923076923078
0 0.3545673076923077 0.5084134615384616 0.07932692307692307 0.1658653846153846