0 0.21033653846153846 0.6274038461538461 0.08653846153846154 0.23557692307692307
0 0.3449519230769231 0.640625 0.10576923076923077 0.20673076923076922
0 0.5324519230769231 0.6490384615384616 0.07451923076923077 0.4206730769230769
0 0.6646634615384616 0.296875 0.03365384615384615 0.08413461538461539
0 0.47596153846153844 0.3401442307692308 0.055288461538461536 0.11298076923076923
0 0.37740384615384615 0.36538461538461536 0.04807692307692308 0.09375
0 0.6899038461538461 0.3701923076923077 0.038461538461538464 0.09615384615384616
0 0.5865384615384616 0.3762019230769231 0.055288461538461536 0.125
0 0.33774038461538464 0.43149038461538464 0.06490384615384616 0.17067307692307693
0 0.43509615384615385 0.46634615384615385 0.057692307692307696 0.14423076923076922
0 0.6526442307692307 0.5480769230769231 0.10576923076923077 0.19471153846153846