0 0.41466346153846156 0.6189903846153846 0.08653846153846154 0.20673076923076922
2 0.609375 0.6225961538461539 0.07451923076923077 0.20673076923076922
0 0.25721153846153844 0.6310096153846154 0.11057692307692307 0.23076923076923078
2 0.8161057692307693 0.6778846153846154 0.0889423076923077 0.23557692307692307
0 0.4230769230769231 0.3737980769230769 0.04567307692307692 0.09134615384615384
0 0.49278846153846156 0.3737980769230769 0.057692307692307696 0.15144230769230768
0 0.6009615384615384 0.3918269230769231 0.052884615384615384 0.10817307692307693
2 0.7163461538461539 0.43149038461538464 0.05048076923076923 0.11538461538461539
0 0.3161057692307692 0.4375 0.0673076923076923 0.16105769230769232
0 0.4423076923076923 0.49158653846153844 0.06971153846153846 0.14182692307692307
0 0.6430288461538461 0.5072115384615384 0.0673076923076923 0.1466346153846154
0 0.07451923076923077 0.5456730769230769 0.09134615384615384 0.18269230769230768