2 0.25961538461538464 0.5649038461538461 0.052884615384615384 0.12980769230769232
2 0.9579326923076923 0.5925480769230769 0.06971153846153846 0.15865384615384615
2 0.6610576923076923 0.6298076923076923 0.0673076923076923 0.13221153846153846
2 0.5360576923076923 0.640625 0.057692307692307696 0.16346153846153846
2 0.18870192307692307 0.640625 0.08413461538461539 0.2091346153846154
2 0.3641826923076923 0.6778846153846154 0.08413461538461539 0.1658653846153846
2 0.7932692307692307 0.7572115384615384 0.08413461538461539 0.18509615384615385
2 0.6418269230769231 0.765625 0.07692307692307693 0.20432692307692307
2 0.47596153846153844 0.8040865384615384 0.07692307692307693 0.22355769230769232
2 0.32091346153846156 0.8713942307692307 0.10336538461538461 0.25240384615384615
0 0.8677884615384616 0.49278846153846156 0.06009615384615385 0.14903846153846154
0 0.7800480769230769 0.49759615384615385 0.0625 0.13942307692307693
2 0.3425480769230769 0.515625 0.06490384615384616 0.14182692307692307
0 0.5576923076923077 0.5180288461538461 0.057692307692307696 0.11298076923076923
0 0.47836538461538464 0.5228365384615384 0.05048076923076923 0.12259615384615384