0 0.41947115384615385 0.20552884615384615 0.0673076923076923 0.11057692307692307
0 0.33413461538461536 0.2439903846153846 0.0625 0.10096153846153846
0 0.5420673076923077 0.2439903846153846 0.055288461538461536 0.10336538461538461
0 0.640625 0.2548076923076923 0.04326923076923077 0.09134615384615384
0 0.234375 0.29927884615384615 0.06971153846153846 0.1466346153846154
0 0.34615384615384615 0.34615384615384615 0.0673076923076923 0.14903846153846154
0 0.6117788461538461 0.36658653846153844 0.06490384615384616 0.1466346153846154
0 0.3798076923076923 0.46274038461538464 0.07451923076923077 0.18028846153846154
0 0.5528846153846154 0.47115384615384615 0.08173076923076923 0.20432692307692307
0 0.7295673076923077 0.4963942307692308 0.09134615384615384 0.1875
0 0.20432692307692307 0.5528846153846154 0.11538461538461539 0.24759615384615385