0 0.25240384615384615 0.578125 0.07451923076923077 0.1346153846153846
0 0.4675480769230769 0.5901442307692307 0.055288461538461536 0.13942307692307693
0 0.4182692307692308 0.7271634615384616 0.0889423076923077 0.20673076923076922
0 0.25240384615384615 0.4483173076923077 0.04807692307692308 0.10336538461538461
0 0.45913461538461536 0.46033653846153844 0.06009615384615385 0.10336538461538461
0 0.90625 0.46033653846153844 0.05048076923076923 0.13221153846153846
0 0.34134615384615385 0.4723557692307692 0.04807692307692308 0.20673076923076922
0 0.5649038461538461 0.47475961538461536 0.052884615384615384 0.07932692307692307
0 0.8317307692307693 0.48197115384615385 0.06971153846153846 0.1466346153846154
0 0.15384615384615385 0.5360576923076923 0.09134615384615384 0.1658653846153846
0 0.9411057692307693 0.5540865384615384 0.06009615384615385 0.14182692307692307