2 0.6502403846153846 0.6009615384615384 0.07451923076923077 0.18028846153846154
0 0.5757211538461539 0.28725961538461536 0.05048076923076923 0.10817307692307693
0 0.33653846153846156 0.32211538461538464 0.057692307692307696 0.1201923076923077
0 0.4735576923076923 0.3401442307692308 0.055288461538461536 0.11778846153846154
0 0.24278846153846154 0.3401442307692308 0.055288461538461536 0.10336538461538461
0 0.5576923076923077 0.34975961538461536 0.038461538461538464 0.08653846153846154
0 0.8233173076923077 0.37740384615384615 0.08413461538461539 0.18990384615384615
0 0.15384615384615385 0.3918269230769231 0.08173076923076923 0.16346153846153846
0 0.2956730769230769 0.4326923076923077 0.06009615384615385 0.12259615384615384
0 0.5540865384615384 0.4483173076923077 0.06009615384615385 0.12740384615384615
0 0.4831730769230769 0.5420673076923077 0.09375 0.18509615384615385