0 0.5612980769230769 0.5600961538461539 0.0673076923076923 0.21394230769230768
2 0.7103365384615384 0.640625 0.0985576923076923 0.18028846153846154
0 0.5588942307692307 0.36538461538461536 0.052884615384615384 0.11778846153846154
0 0.1201923076923077 0.36899038461538464 0.05048076923076923 0.10336538461538461
0 0.49759615384615385 0.3713942307692308 0.04326923076923077 0.09375
0 0.36778846153846156 0.4014423076923077 0.04567307692307692 0.14423076923076922
0 0.6850961538461539 0.4170673076923077 0.055288461538461536 0.11057692307692307
0 0.7800480769230769 0.42908653846153844 0.055288461538461536 0.10576923076923077
0 0.46033653846153844 0.4495192307692308 0.05048076923076923 0.13701923076923078
0 0.5997596153846154 0.45072115384615385 0.06009615384615385 0.12259615384615384
0 0.7223557692307693 0.4891826923076923 0.07932692307692307 0.14182692307692307
0 0.18269230769230768 0.49399038461538464 0.0673076923076923 0.15625
0 0.40625 0.5504807692307693 0.0673076923076923 0.16826923076923078
0 0.2668269230769231 0.5516826923076923 0.0673076923076923 0.1971153846153846