0 0.2824519230769231 0.5612980769230769 0.10096153846153846 0.21634615384615385
0 0.0733173076923077 0.5877403846153846 0.09134615384615384 0.21634615384615385
2 0.4338942307692308 0.6262019230769231 0.07932692307692307 0.19951923076923078
0 0.2956730769230769 0.359375 0.06490384615384616 0.0985576923076923
0 0.2127403846153846 0.3629807692307692 0.06009615384615385 0.10576923076923077
2 0.40865384615384615 0.3798076923076923 0.052884615384615384 0.10576923076923077
2 0.9014423076923077 0.38100961538461536 0.06009615384615385 0.1201923076923077
0 0.9723557692307693 0.41225961538461536 0.05048076923076923 0.18990384615384615
0 0.038461538461538464 0.41586538461538464 0.07692307692307693 0.15144230769230768
2 0.7716346153846154 0.4206730769230769 0.0673076923076923 0.15625
0 0.16466346153846154 0.4639423076923077 0.06490384615384616 0.16105769230769232
2 0.41947115384615385 0.4723557692307692 0.057692307692307696 0.15625
0 0.8677884615384616 0.4735576923076923 0.0673076923076923 0.15144230769230768