0 0.20673076923076922 0.5745192307692307 0.08173076923076923 0.18269230769230768
0 0.051682692307692304 0.6141826923076923 0.07451923076923077 0.21153846153846154
2 0.5288461538461539 0.6490384615384616 0.08653846153846154 0.18990384615384615
0 0.3894230769230769 0.37740384615384615 0.05048076923076923 0.11298076923076923
2 0.3245192307692308 0.3918269230769231 0.05048076923076923 0.11298076923076923
0 0.5072115384615384 0.41466346153846156 0.055288461538461536 0.11538461538461539
0 0.18269230769230768 0.41947115384615385 0.06971153846153846 0.1466346153846154
0 0.6009615384615384 0.4266826923076923 0.04807692307692308 0.13221153846153846
2 0.8858173076923077 0.4495192307692308 0.06971153846153846 0.18028846153846154
0 0.4206730769230769 0.4675480769230769 0.06971153846153846 0.15384615384615385
0 0.2776442307692308 0.47836538461538464 0.0625 0.15144230769230768
0 0.5348557692307693 0.49038461538461536 0.07211538461538461 0.16105769230769232
0 0.35336538461538464 0.5420673076923077 0.06971153846153846 0.17548076923076922