2 0.5612980769230769 0.6045673076923077 0.07932692307692307 0.16826923076923078
2 0.3918269230769231 0.33774038461538464 0.052884615384615384 0.10817307692307693
2 0.328125 0.3449519230769231 0.040865384615384616 0.10096153846153846
2 0.5276442307692307 0.359375 0.04326923076923077 0.1201923076923077
2 0.17307692307692307 0.36658653846153844 0.057692307692307696 0.13701923076923078
2 0.90625 0.3918269230769231 0.0673076923076923 0.15384615384615385
2 0.27403846153846156 0.41586538461538464 0.05048076923076923 0.1466346153846154
2 0.44350961538461536 0.42427884615384615 0.0625 0.1466346153846154
2 0.5625 0.4495192307692308 0.057692307692307696 0.13942307692307693
2 0.3762019230769231 0.515625 0.06971153846153846 0.1971153846153846
2 0.2247596153846154 0.5360576923076923 0.08653846153846154 0.19471153846153846