0 0.18269230769230768 0.5901442307692307 0.08653846153846154 0.17067307692307693
0 0.8665865384615384 0.6009615384615384 0.09615384615384616 0.23076923076923078
0 0.22596153846153846 0.40865384615384615 0.055288461538461536 0.125
0 0.8269230769230769 0.40865384615384615 0.05048076923076923 0.11778846153846154
2 0.13581730769230768 0.42427884615384615 0.0673076923076923 0.11778846153846154
0 0.35216346153846156 0.4411057692307692 0.04567307692307692 0.1346153846153846
0 0.4362980769230769 0.44711538461538464 0.06490384615384616 0.12740384615384615
2 0.7079326923076923 0.45913461538461536 0.07692307692307693 0.14903846153846154
0 0.9182692307692307 0.46033653846153844 0.07451923076923077 0.15865384615384615
0 0.7956730769230769 0.4855769230769231 0.06490384615384616 0.16826923076923078
0 0.2608173076923077 0.49759615384615385 0.07932692307692307 0.14423076923076922
0 0.09014423076923077 0.5120192307692307 0.06971153846153846 0.15384615384615385