2 0.4651442307692308 0.6370192307692307 0.08653846153846154 0.20673076923076922
0 0.26322115384615385 0.6418269230769231 0.09375 0.22596153846153846
2 0.6526442307692307 0.6658653846153846 0.0985576923076923 0.24759615384615385
0 0.09615384615384616 0.6911057692307693 0.1201923076923077 0.24759615384615385
0 0.2860576923076923 0.3858173076923077 0.052884615384615384 0.11057692307692307
0 0.359375 0.39663461538461536 0.0625 0.11057692307692307
0 0.9747596153846154 0.40024038461538464 0.05048076923076923 0.1658653846153846
2 0.47596153846153844 0.4014423076923077 0.04326923076923077 0.11538461538461539
0 0.5733173076923077 0.41586538461538464 0.055288461538461536 0.11538461538461539
0 0.8497596153846154 0.43509615384615385 0.0625 0.13701923076923078
0 0.13221153846153846 0.47475961538461536 0.07932692307692307 0.14182692307692307
0 0.4891826923076923 0.49038461538461536 0.06971153846153846 0.1466346153846154
0 0.2956730769230769 0.5072115384615384 0.07692307692307693 0.13221153846153846