0 0.3233173076923077 0.5793269230769231 0.0625 0.16826923076923078
0 0.16105769230769232 0.6033653846153846 0.08653846153846154 0.1875
2 0.4855769230769231 0.6550480769230769 0.0673076923076923 0.16826923076923078
0 0.27163461538461536 0.3918269230769231 0.04807692307692308 0.11298076923076923
0 0.3485576923076923 0.40024038461538464 0.04567307692307692 0.11778846153846154
0 0.4639423076923077 0.42788461538461536 0.04567307692307692 0.09375
0 0.14182692307692307 0.43149038461538464 0.06971153846153846 0.15144230769230768
2 0.5600961538461539 0.4338942307692308 0.04326923076923077 0.10817307692307693
0 0.9651442307692307 0.43990384615384615 0.04326923076923077 0.13221153846153846
2 0.8389423076923077 0.47596153846153844 0.08653846153846154 0.1466346153846154
0 0.3858173076923077 0.4795673076923077 0.06971153846153846 0.13942307692307693
2 0.49158653846153844 0.5168269230769231 0.0625 0.15384615384615385