0 0.36177884615384615 0.5612980769230769 0.0673076923076923 0.17067307692307693
0 0.22235576923076922 0.5709134615384616 0.07451923076923077 0.20432692307692307
2 0.6694711538461539 0.6466346153846154 0.08653846153846154 0.18990384615384615
0 0.46153846153846156 0.37740384615384615 0.04326923076923077 0.10096153846153846
0 0.07091346153846154 0.38461538461538464 0.04807692307692308 0.1346153846153846
0 0.5276442307692307 0.38822115384615385 0.04807692307692308 0.0985576923076923
0 0.33533653846153844 0.41225961538461536 0.07211538461538461 0.12980769230769232
0 0.6454326923076923 0.42427884615384615 0.06009615384615385 0.11538461538461539
0 0.734375 0.43149038461538464 0.038461538461538464 0.11538461538461539
0 0.41947115384615385 0.453125 0.05048076923076923 0.1201923076923077
0 0.5588942307692307 0.45913461538461536 0.06971153846153846 0.1466346153846154
2 0.15264423076923078 0.4951923076923077 0.06490384615384616 0.16346153846153846
0 0.6778846153846154 0.49759615384615385 0.07451923076923077 0.15865384615384615
0 0.5072115384615384 0.5372596153846154 0.07451923076923077 0.17548076923076922