2 0.5396634615384616 0.5901442307692307 0.06490384615384616 0.16346153846153846
2 0.3786057692307692 0.5973557692307693 0.07692307692307693 0.18509615384615385
2 0.18990384615384615 0.6514423076923077 0.09375 0.2091346153846154
2 0.04567307692307692 0.7139423076923077 0.0889423076923077 0.2403846153846154
2 0.6754807692307693 0.3701923076923077 0.04567307692307692 0.12740384615384615
2 0.5829326923076923 0.3870192307692308 0.0625 0.125
0 0.2776442307692308 0.39783653846153844 0.05048076923076923 0.12740384615384615
0 0.359375 0.40384615384615385 0.0625 0.11057692307692307
2 0.02283653846153846 0.4170673076923077 0.04567307692307692 0.14182692307692307
2 0.8389423076923077 0.4362980769230769 0.0625 0.14423076923076922
2 0.7283653846153846 0.4362980769230769 0.052884615384615384 0.13942307692307693
2 0.4375 0.5144230769230769 0.06490384615384616 0.1466346153846154
2 0.9651442307692307 0.515625 0.06490384615384616 0.20432692307692307
2 0.10216346153846154 0.5252403846153846 0.055288461538461536 0.14423076923076922