2 0.23197115384615385 0.6081730769230769 0.08413461538461539 0.1658653846153846
2 0.7139423076923077 0.6370192307692307 0.06490384615384616 0.19951923076923078
2 0.5420673076923077 0.6598557692307693 0.07451923076923077 0.19230769230769232
2 0.39302884615384615 0.6742788461538461 0.07932692307692307 0.19230769230769232
2 0.9026442307692307 0.6826923076923077 0.09375 0.19230769230769232
2 0.38341346153846156 0.41225961538461536 0.040865384615384616 0.10096153846153846
2 0.47115384615384615 0.4170673076923077 0.055288461538461536 0.10576923076923077
0 0.5961538461538461 0.4170673076923077 0.052884615384615384 0.10576923076923077
2 0.9435096153846154 0.4579326923076923 0.06490384615384616 0.14423076923076922
2 0.31009615384615385 0.4855769230769231 0.06971153846153846 0.15384615384615385
0 0.45072115384615385 0.5108173076923077 0.04807692307692308 0.13701923076923078
2 0.6298076923076923 0.5252403846153846 0.05048076923076923 0.13942307692307693
2 0.7620192307692307 0.5264423076923077 0.055288461538461536 0.12259615384615384