2 0.9387019230769231 0.5600961538461539 0.06490384615384616 0.23557692307692307
2 0.41225961538461536 0.5649038461538461 0.10096153846153846 0.22355769230769232
2 0.5336538461538461 0.25961538461538464 0.06009615384615385 0.11538461538461539
2 0.4495192307692308 0.29086538461538464 0.04326923076923077 0.14903846153846154
0 0.6646634615384616 0.2980769230769231 0.052884615384615384 0.13221153846153846
0 0.7680288461538461 0.3088942307692308 0.0625 0.11778846153846154
0 0.3870192307692308 0.3137019230769231 0.07932692307692307 0.20432692307692307
0 0.49759615384615385 0.3762019230769231 0.06490384615384616 0.16826923076923078
0 0.6911057692307693 0.3954326923076923 0.07451923076923077 0.17548076923076922
0 0.8161057692307693 0.4014423076923077 0.08173076923076923 0.15384615384615385
2 0.5625 0.4855769230769231 0.06971153846153846 0.22115384615384615
2 0.24278846153846154 0.5012019230769231 0.0985576923076923 0.25240384615384615
0 0.8052884615384616 0.53125 0.0985576923076923 0.22355769230769232