2 0.875 0.5865384615384616 0.0889423076923077 0.20673076923076922
0 0.4807692307692308 0.27163461538461536 0.04326923076923077 0.10817307692307693
0 0.5504807692307693 0.2920673076923077 0.055288461538461536 0.125
0 0.671875 0.3088942307692308 0.057692307692307696 0.11057692307692307
0 0.3737980769230769 0.33653846153846156 0.06971153846153846 0.14903846153846154
0 0.625 0.38341346153846156 0.06490384615384616 0.14423076923076922
0 0.49038461538461536 0.3894230769230769 0.057692307692307696 0.11538461538461539
0 0.7572115384615384 0.4074519230769231 0.06490384615384616 0.17548076923076922
0 0.1466346153846154 0.41586538461538464 0.0889423076923077 0.19951923076923078
2 0.47596153846153844 0.5276442307692307 0.08413461538461539 0.18990384615384615
2 0.6670673076923077 0.5360576923076923 0.07692307692307693 0.2091346153846154
0 0.31850961538461536 0.5408653846153846 0.10576923076923077 0.21394230769230768