2 0.5889423076923077 0.22596153846153846 0.0625 0.12259615384615384
2 0.5276442307692307 0.23798076923076922 0.05048076923076923 0.10336538461538461
2 0.3870192307692308 0.24639423076923078 0.0625 0.14423076923076922
2 0.7175480769230769 0.2536057692307692 0.052884615384615384 0.125
2 0.4795673076923077 0.32211538461538464 0.07211538461538461 0.1658653846153846
0 0.2127403846153846 0.3269230769230769 0.06971153846153846 0.18028846153846154
2 0.6478365384615384 0.3293269230769231 0.07451923076923077 0.17548076923076922
2 0.7668269230769231 0.3641826923076923 0.06009615384615385 0.1201923076923077
2 0.3233173076923077 0.36778846153846156 0.07692307692307693 0.18509615384615385
2 0.44471153846153844 0.3942307692307692 0.057692307692307696 0.1778846153846154
2 0.5793269230769231 0.4050480769230769 0.06490384615384616 0.1971153846153846
2 0.7788461538461539 0.5240384615384616 0.08653846153846154 0.19230769230769232