0 0.06850961538461539 0.5637019230769231 0.07451923076923077 0.17548076923076922
0 0.21634615384615385 0.6081730769230769 0.06971153846153846 0.14423076923076922
0 0.42788461538461536 0.6153846153846154 0.0625 0.14423076923076922
0 0.49399038461538464 0.6213942307692307 0.0625 0.16105769230769232
0 0.24759615384615385 0.7463942307692307 0.0889423076923077 0.17067307692307693
0 0.375 0.7596153846153846 0.09375 0.21153846153846154
0 0.036057692307692304 0.8521634615384616 0.07211538461538461 0.2644230769230769
0 0.5276442307692307 0.4807692307692308 0.052884615384615384 0.09375
0 0.4182692307692308 0.48677884615384615 0.0625 0.11778846153846154
0 0.8545673076923077 0.4879807692307692 0.052884615384615384 0.11778846153846154
2 0.7860576923076923 0.5108173076923077 0.0625 0.1466346153846154