2 0.27884615384615385 0.5877403846153846 0.0889423076923077 0.22596153846153846
0 0.7932692307692307 0.2956730769230769 0.038461538461538464 0.08653846153846154
0 0.7391826923076923 0.32211538461538464 0.055288461538461536 0.09375
2 0.3004807692307692 0.33653846153846156 0.06009615384615385 0.11538461538461539
0 0.4423076923076923 0.3449519230769231 0.06009615384615385 0.11778846153846154
2 0.21634615384615385 0.3737980769230769 0.04807692307692308 0.10336538461538461
2 0.9098557692307693 0.38100961538461536 0.0625 0.16826923076923078
2 0.1502403846153846 0.4182692307692308 0.08413461538461539 0.18028846153846154
2 0.4987980769230769 0.42427884615384615 0.0673076923076923 0.13221153846153846
2 0.32091346153846156 0.45552884615384615 0.06490384615384616 0.14182692307692307
2 0.6045673076923077 0.5120192307692307 0.08173076923076923 0.20432692307692307
2 0.7524038461538461 0.5144230769230769 0.08653846153846154 0.18269230769230768
2 0.44350961538461536 0.5384615384615384 0.08413461538461539 0.20432692307692307