2 0.578125 0.5901442307692307 0.08173076923076923 0.1778846153846154
0 0.6875 0.30528846153846156 0.040865384615384616 0.11298076923076923
0 0.4411057692307692 0.3161057692307692 0.06009615384615385 0.09134615384615384
0 0.36658653846153844 0.32572115384615385 0.04567307692307692 0.08413461538461539
2 0.5492788461538461 0.33533653846153844 0.04326923076923077 0.09134615384615384
0 0.20192307692307693 0.3557692307692308 0.0673076923076923 0.12980769230769232
2 0.6394230769230769 0.3641826923076923 0.038461538461538464 0.10096153846153846
0 0.33052884615384615 0.4182692307692308 0.06490384615384616 0.125
2 0.9543269230769231 0.4206730769230769 0.07451923076923077 0.16105769230769232
0 0.5649038461538461 0.43149038461538464 0.06971153846153846 0.15625
0 0.140625 0.4951923076923077 0.08173076923076923 0.20192307692307693
0 0.43509615384615385 0.5036057692307693 0.08653846153846154 0.17548076923076922
0 0.24639423076923078 0.5132211538461539 0.08413461538461539 0.18990384615384615