0 0.4387019230769231 0.5612980769230769 0.07451923076923077 0.18028846153846154
0 0.3076923076923077 0.5625 0.07932692307692307 0.16105769230769232
0 0.1622596153846154 0.5709134615384616 0.0673076923076923 0.2091346153846154
2 0.6189903846153846 0.6526442307692307 0.08413461538461539 0.18269230769230768
2 0.41225961538461536 0.38341346153846156 0.04326923076923077 0.09615384615384616
0 0.47716346153846156 0.3870192307692308 0.055288461538461536 0.11538461538461539
0 0.2824519230769231 0.4026442307692308 0.06009615384615385 0.1346153846153846
0 0.5901442307692307 0.4230769230769231 0.052884615384615384 0.11538461538461539
0 0.6790865384615384 0.43028846153846156 0.055288461538461536 0.12980769230769232
0 0.5048076923076923 0.4735576923076923 0.06971153846153846 0.14182692307692307
0 0.6189903846153846 0.4951923076923077 0.06971153846153846 0.1466346153846154
0 0.09254807692307693 0.5168269230769231 0.07211538461538461 0.17067307692307693