2 0.7259615384615384 0.6153846153846154 0.07692307692307693 0.17548076923076922
2 0.5492788461538461 0.32211538461538464 0.05048076923076923 0.1201923076923077
2 0.34975961538461536 0.3293269230769231 0.07451923076923077 0.17307692307692307
2 0.4855769230769231 0.33413461538461536 0.038461538461538464 0.125
2 0.7692307692307693 0.35336538461538464 0.04807692307692308 0.1201923076923077
2 0.6646634615384616 0.3605769230769231 0.057692307692307696 0.14423076923076922
2 0.4375 0.4050480769230769 0.0625 0.13942307692307693
2 0.5997596153846154 0.41466346153846156 0.06009615384615385 0.16105769230769232
0 0.1658653846153846 0.42788461538461536 0.08173076923076923 0.1971153846153846
2 0.7271634615384616 0.45913461538461536 0.052884615384615384 0.13942307692307693
2 0.27524038461538464 0.4699519230769231 0.06490384615384616 0.18028846153846154
2 0.39783653846153844 0.4855769230769231 0.0673076923076923 0.18269230769230768
2 0.5396634615384616 0.5012019230769231 0.0673076923076923 0.2091346153846154